00111011100110001011010101000001
11010011011111000011000101011101
00001111000101001110011010011110
00010001011000010110111010111000
01011101001101101101100110010110
01101110100110000100100001001110
00011100011110110110101110001100
01110100101111100100001101001010
10010001001110011010111011010110
00010100101011011010110001000010
01100000010001100001010100101100
01110100111100111100000101101110
11000000110010011101101100111111
10010101100111010011101111111100
01010110011001110001011100111011
00111101101100001101010110110010
00010111011110001101101001100010
01010101001010011011000000010100
01110011011011101101011011101010
01010011000010000101001011101000
11000110011101110010100111010010
01110110101111010010111101111010
10110100000110010100100111100110
00101010110101100111100101100000
11100100100000000101111001000101
00010001100100101110010101000110
11110110000100110100001110001011
01101010110011101111111110000111
01110110001011101000100100011010
11100000111111011000100010100001
10101100100111110000101111011101
00000011101001101110001001110011
10110000010001011110111001010000
01000101111010000100000100010000
10000101011011000100100100111110
11001011010101001000101001001110
11011110101011100001111010010010
11011110011000100100100111011000
10111101000100000110100001101010
11110011100011111000001100110011
00100010111001011011101111101101
00010110011101010011111100100000
10100000100110000000111000010100
10001010001010111001111001111010
00101010110000111010110010001110
10110010101100000010001110001100
00101111101111110011100010011100
11100010011011110101110000101000
00011001100110011110111010001001
01000111100110010011100110010110
01100001001100110010100000011111
11000001001110111111000111001101
00010010100111000000110100100011
11010011110101111111111011110000
00011111011111101000100001100011
01111111101001000000010000001110
10011111001000101000110001110001
01101001101011111110101100100101
10111001111010101001100100001000
00100011100110101000010000101101
00011111111111011010011111101010
10011010110000010101101011100011
10111010101111110000001011001101
11101111000111000101111101011001
01000110111110010000010101001111
00110110000101010110010010101000
00011010101100000110100110001101
10110100101101011000011111101101
11001111011001011111000101111010
00011000010000111010100001111010
00011111101000011101101100011101
00110111111001011000001110010111
01000001010000111010010011101011
01100111011111000000010101011111
10101000101111111010101001001010
10100000000001101110000100101001
01001000010101011110011000100011
11101000010111001100011101001100
11101110101100111011111101011000
10011001011010011011010010100110
10001000000111010111001111111110
10001111010111000110101011001101
01000001100101111001000010010011
11010000111100111111101101100000
10001001101110110100011001101110
01010001010011100000110101101101
11011011000010010101001111011011
11101100100111000110000000010100
11110100011001101000001111011001
11100001000000101110001111101101
11100011100110001010011110000101
00111000000100010011001111000111
00011011101010011101101101001100
11000110100101101100000011011111
00101110101000100101110010100111
11110101001110010001110110000110
00100110110100011001000010110001
01010101001110010101110010011001
01111100000010101110110101001010
11010010000111011101111100111010
00110110010000000001100001011011
00001000010111011111011110010101
01000001011000111100100000101110
01100100000110000100001100101111
10100101011111000000101101011101
10101101001100111101110111100101
11010101010101001011111000010000
10000010100010001001101111110101
01101110111010111101000100000010
01011111010110011101001101101000
11001110010001011010010001101010
11111001001101011111001101101000
11101011110101000010100011000111
11100101000010100001110000101111
10110101101010010101111001100000
11000011111010001111011100011000
01111001100100100101010101111000
10011001011110000100001101101000
10000100010100011101011001101101
00011101110010100001100111010101
01011100110100010010000101000011
10010001100101001011110101100000
11101110011001011101111010100011
00010100010010001000101101111011
10000001011001100100001101110010
10010101101011101100111011101101
10000011000011111010101111000010
11100000000000100011111000111011
01100011000100011110100111111101
00000011011100101111001111110101
00011100110111101011100010001001
00100000010100011010110001111110
10010100010011000010111101111111
01001101011000000011001100111101
11100001101011000110001010111100
10101000110100110010110101000111
00100001010110000101010100000101
11001010001010111000001001001100
10011010001011011100000011000001
10111011001001001100111001000011
01010101010100101000111100000100
00011000011111110001100100000011
00110011111111110010010110000000
01001100011111100011111010000011
01110000111011111100001101000010
01100010000100100110101110010001
11010011000000100010111011010011
10010101100010001111101101011010
01010011100010011010100100101101
11101001000100101010010010000111
11101000011001010101000101000101
00010110100110101100011000001001
11111111000000000001011101001110
00010001010000110000001110001100
11100101101000000110110110111111
11110110111000110111000101001011
00010010110110011101111011111010
01000100100100111010010001000110
01010111011011011000001101000000
00101111101010001010110011110000
00110011100111011001010011101100
01100011010001100100000111011100
10110110111011011100101110011010
01100100010001000110001011010000
00011011001100100010111001101010
11101100000101010100100111010101
10100001111011100001111001101001
10001110000000110110100000111110
01000011110010111111010010110110
00100011001011110001101110011000
01100110111110110001000001001110
11101000110010010110000100101101
10101010100010101011011100010101
10010011010101000001100001000010
00001101101011110101010010111111
00110011000110110111110000001001
01000000110010101101000011001000
11010010111001110100011100100011
00010100000100001110000000100100
11100110111110000010011101000111
11100000100011111000101110001011
11011110111101011011100100111000
10111111100001010100010011000011
01010101001111011100010111011100
10001001001001011110000001111101
11011110011000111010011001011001
11000100010001100110111001000010
11010001010011101001010001101000
10010101100101010000001010101010
11110001110010101001001101010010
11011010111011101011001100011000
11001100101110010100011001101010
01111110011000101111001101001010
10111010111101100011001001101001
00111001010110010010010110110011
00011111001101010110000010111101
00111101011001011101001011001010
01011100100110110011001110000111
11111111000100110110110111011101
01111001001111100111111110000111
01111000010100011110110101100100
11010010100010010101111011101000
00010101111111010001100110010101
11101000100001100111100001111101
11100001000100100111110100100101
10100101000001000000111001010100
10000110000101101000101101111001
01111011110000101001000110000111
11001110100100010001110011111100
01001010010100111010111010000011
11101001100000110111001111011011
00110001000111010000000000101110
00011010101000000111010000001001
11111011101111100011011111101010
11100000011110010010100011100100
11011100001101110110000011001110
01100111000110110110100000110111
11111010001111011001100010010101
01100001010110010000000011001100
00100000001101111111010100011111
00111000001101000011101000111101
01011000011011000010111101011100
01011101110110110001111010011000
00000110101101010001011010101110
01100100100100000011010101000110
11000011101011001110100001010010
10010011010100111010110011110100
01010111000000001001010101000110
11011100101001001010110110100000
11001111101001000100000001011111
10101100010010001110110111111111
11100010101110111001101110100011
10000110000000100111110001001100
01101000101111100001011111101111
10000111010100101000011100010000
10011111010001010011110011111101
00100110100101111100010000001101
11001111000110101110000100101010
00010111111011000100011101100000
11100111000001110010100010001010
11000001000011101011100010111110
01100011001010001011101011000010
00100100001101110111001110000000
01111110010011010101010000010011
01110101011011111010011010010111
11110011101111001111101010101010
01010111100101110101100111110110
00011100000101000110010110101110
01110011101010111011111110100100
11000111001000001110111011001110
10111011010100101111101100101100
10000010011100111110100111111010
01111010101101101101100101011001
00110100110010101110011011100111
10101111100000011100000001000000
11001110100000001110000010001000
11011100011110101101110001010000
10101010111110111011110011011000
01001011101000011100010111100010
01000011101110101100001000001010
10001111010111001000011111101100
01000001001000111010111111110001
00010000011000001000100000011000
01010001100001000011100000001001
01011100000111000111000110001010
00111100110100001101110010111000
10011000111011010100111001000010
01001001010000000010100000010101
01110000000111011111001110100100
10111001010111100001101110111001
00000000101110010000100110111011
10110010001010001010111110010011
10110010111000011011100101001110
11011010001001000001001011001101
10001110000011001111000011011011
01101000001100010000001110101000
11010000011010101101001101111100
01100010101001111101111001010000
00110011000100101011000111001100
11101111100010110111010011010000
01101110100000101111011100001100
01011110000011100110101111011100
00110000011011100010010001101001
01100001010011110001110010100110
10010001101111010100000100001111
10010101010010111101101001100011
10011000101001000011011010001000
00101101111100000001000011101011
10100101000100010100000101101100
01111011000100100110001001101100
00100000001000111010001111011000
11100101110111111101001010000110
00101110110000101101111011010001
00010100101000101011000101010111
10010010011100111001010011010101
00111111100110010010001111001011
11010010000011001011100010100000
11011001111100111111111111110110
10100111011111011000010100101000
10000001011100011000010100011110
