-1297324711
-775117926
-1381868731
962556606
1472704399
-644566230
-679170294
-2071066339
1983769723
1856888155
1968040603
142414074
1965156931
-360917766
1323933139
1896079879
-973042686
418853358
514014534
-1260623431
-1814812759
-874735686
-145559898
-2094528943
-1705364299
-192091878
385822206
1802884843
-838296558
1279760527
235084806
138875022
-59836194
318186990
-1564457599
-199038906
220666446
-327362310
1505604475
-787439070
187635294
1684785367
173216934
715740498
-1629471295
543244482
1741672351
2057172283
542195874
1220645251
-417018294
397750122
-365636502
805658634
-385035750
1466543827
357771942
-1065713418
-1867505311
-1445309515
1147373767
-1197706951
785735082
-127864638
-1468247815
1036352394
-1451732239
244653354
-436679694
-846816498
-938831850
1439935399
31392702
359607006
-871983090
-1421322607
-3604590
-1186172263
1042250814
-1736953615
1481748643
-1879826455
1474932691
-1237029751
-269557794
1587002671
-234691578
-2106456859
-1234277155
-1703398159
1589362039
1874452339
-1764872803
960590466
423047790
2017980559
-542851254
398798730
-1323539911
-87755382
-871327710
-12124530
-625035906
703026126
1428007483
-783768942
196679538
-697520934
-206903466
-506543202
-1943660467
-609568938
2060711335
136515654
1682032771
-157618890
-1294572115
1848106063
243735822
1331011243
-595412730
-1508750299
1450028251
2099509831
-988247502
247799178
1266390775
1292474899
-1833687703
243604746
-1325637127
314910090
-247668102
743004306
-769219506
-866477898
-944074890
-1886904559
582829434
-534724542
508771494
-294069006
-1808258959
-1119716731
1554495823
1927013815
125505270
650595726
-2001071755
-1656735103
-1024948782
1897914943
-1369678663
-1361420875
1427483179
2049569875
387132966
-1581628555
-873556002
-1548204175
2055337219
932671278
-1469689651
-1734201019
-817193322
656494146
1989537067
608258178
-461059830
-272703618
1918887103
-461846286
1804982059
1541126071
547701066
508509342
-1700907715
967537494
1156155859
2094791095
258547410
1383703795
460666602
48432582
449656218
677466306
1073971207
-153686610
479148318
-2102655655
686117322
291840714
399978414
1351328023
-1632879271
-1234277155
672092190
-363146058
408367278
-2136735415
